1.03336416171348	0.030925605093564	0.000789536155336623	-0.0195186459602215	0.0506488426736377	-0.00484732014781722	-0.0685777098451791	-0.0743193382966983	-0.0408212193710371	0.042653465835311	-0.0184246409862194	0.00120902198852655	0.0165784585743158	0.0148782921892501	-0.0388422060427904	0.0411317680684289	-0.00316348838674342	-0.0290845676957839	-0.0599669354771899	0.0310710318232904	-0.0505448645190546	0.0170616646352477	0.0129019117684344	0.0134313203258071	0.0461350212734896	-0.0265701561348131	0.0078870558230677	-0.038965113326946	0.00636236442604021	-0.0211579999226522	-0.00939002247118505	-0.0276867769243686	-0.00263608499586698	-0.00309764552063163	-0.0475048560135704	-0.0425928455231368	0.00894789138631941	-0.0385311018127969	-0.0235414011366372	-0.00106563184758815	0.0261272147846439	0.00413413503830376	-0.0185000377134092	0.0133956375939706	0.0425356274714406	0.00992619027087496	-0.0131159010008149	0.00551233978978065	-0.0094884243172799	0.0216121633783182	-0.036171146204007	-0.00178202906601293	-0.00680889171517535	-0.00015220314248783	-0.0495113816827481	0.00824978501489775	-0.0677043726333964	0.0319848614388421	-0.0469454208269248	-0.00664581423669885	-0.00969042885943089	0.048770615011628	-0.0838454899642941	0.043654886395659
0.030925605093564	1.04997589795739	-0.0476874461000294	-0.044779712955233	-0.0167610878789253	-0.018883847714446	0.060753833379925	0.037857471915429	-0.0312875181219994	-0.00864023174581322	-0.0185521399145252	0.0235602840893796	0.0491175535443727	0.0558276897870245	-0.0257048844617324	-0.0167305901646046	0.00852989137884893	0.00736741343629899	0.058231326847085	0.0136665967963993	-0.00796930427852319	0.0200975379931095	0.0170995744511782	0.00787536401951826	0.00768045379087226	-0.0424507056883297	0.0078373433481695	-0.0183976053532669	0.0347292067981599	-0.0047870629595634	-0.00555881470840914	0.0304636602551275	-0.0221594721265483	-0.0233441498048692	0.0445066900267113	-0.0480528291741937	-0.0164125089609473	0.00213961146562459	0.0179118922060811	0.0207028775960063	-0.0325078983641775	0.013039081283907	0.0542822554620769	0.000309009922539244	-0.0473586547138445	0.0741222295483153	0.0019410722920568	0.00248091063171642	-0.0353234115299149	0.0616162694700317	0.00136095696794704	0.0422381449051415	-0.0488336874318871	-0.0250342777053209	-0.0131354895060839	0.00694972668576276	-0.040448844720481	-0.0136683730873263	-0.0167349585780253	-0.0072909506060717	-0.041233034817361	-0.0268819708300259	-0.077099197959187	0.00286538046733898
0.000789536155336623	-0.0476874461000294	1.0717471876497	-0.0699905645285317	-0.00629002900614338	-0.0164169067886551	0.0231858692659704	-0.0583073298272708	-0.0135194254408619	-0.0108395305987012	0.00606835606027258	0.00671154143871014	0.0291027077939412	-0.00958330571837365	0.0838433516650214	-0.0018110169756089	-0.00210151262620475	-0.0192114647012395	0.0381871537454375	0.00157600807002963	0.0459185489162056	-0.0115769075263345	-0.0167448827256265	-0.00550848733515745	0.00655394174255796	0.00319943695822605	-0.0446608486738952	0.0234947649753565	0.073346222701889	-0.0332006880118841	-0.026930677505781	-0.00664308435497827	-0.0109591245340988	-0.0125693939977639	0.0116290332609207	-0.0374702779524775	-0.0176677954078954	-0.0187472146555754	-0.0145341231891991	0.000915252919031939	0.00100690602548063	-0.000527959715199942	0.00504463333774764	0.0170435618253977	-0.0232306114095494	0.0129314573107739	0.00362589442473344	0.0291800192439169	0.0152796323052866	-0.0705075326826764	-0.00931174713255966	0.011841758632621	-0.0264316279665675	0.0564109286594811	0.00312550195181463	-0.00386223603899208	-0.0107123332719069	-0.0398384668057259	-0.0076863938999321	-0.000556257933427331	-0.0394694950261541	0.0244260710026315	-0.0019204824618607	-0.0645714601732203
-0.0195186459602215	-0.044779712955233	-0.0699905645285317	1.07335534541458	-0.0166614767184229	-0.0253105536681664	-0.0143397896637658	0.021548691762907	-0.00639736834735319	-0.000230131317925637	0.051168018718946	0.0230034544911322	0.0142042027394685	0.0132598686797314	-0.0979913096968068	-0.0103139099901765	0.0490186212644145	-0.00439222232364643	-0.00790241587187607	-0.000891492104687936	-0.0292190357540293	-0.0378824126662037	-0.0379994617551547	0.00181328992620486	0.0139463905495307	-0.0301867194438661	-0.000390858678706707	0.0127299144715213	-0.0421442059113179	0.0194554776082732	-0.0376113101056217	-0.0307852234762291	0.00833747276317708	0.00228377283618774	0.0580106986021516	0.026159954177443	0.0500571603832868	0.00323623736926554	0.06023235076324	-0.0542082530011333	0.0251090396773801	0.00490991555113344	-0.0375812720455479	0.0250819788968259	0.0129959614031662	-0.0211184464591224	-0.032087630779481	0.0245884570999887	-0.0010912438598879	0.0361695106005741	-0.0151525302181908	0.0178116331371938	0.0249235812268907	-0.0143470315088089	0.00763078133226257	-0.0392566853638555	0.0224595740630211	-0.028834176562063	-0.0393806057257355	0.00919934366583706	-0.00475037864117854	-0.00400272162893352	0.0216955146210979	-0.0357704471953659
0.0506488426736377	-0.0167610878789253	-0.00629002900614338	-0.0166614767184229	1.01076917882198	0.00726467928083812	-0.0570745126060178	-0.0395387264060317	-0.0160077821934218	-0.0405885854010319	-0.0219978153425202	0.0179871052557996	0.00353341844610406	-0.0328898664934049	-0.0105238967926656	-0.0366476504541803	0.00630241401986039	0.0536738263694367	-0.0125237020304559	-0.0242457635480188	0.0691146225543377	0.0110355786094775	0.00268898277293798	0.00469385082597133	0.0711940584089947	0.012028076919328	-0.012627436972727	-0.0387532386662032	-0.00908893097098284	-0.0527530209683051	-0.050754377417336	0.0536792129880757	0.0297239228450026	0.0211439589450841	0.010810890644329	-0.0251270884215212	0.00345377688111118	-0.0614310057897346	-0.043474674208839	0.0392967975697871	-0.0209204158147903	-0.00194842553247074	-0.0321649217113767	-0.0393058847948211	0.0804240923070099	-0.018879731854407	0.0170734594264553	0.0136040441278351	0.0126551725612183	0.000114446707079335	0.0241401602436022	-0.0305321278758677	0.0313177575697964	-0.00842049343064335	-0.0393929916167527	-0.0523553802271457	-0.0618227825667834	0.0442892965997789	0.0143032274921765	-0.0490121497663333	0.0407813611531015	0.00607350571566345	-0.0240446753998938	0.0511114489072567
-0.00484732014781722	-0.018883847714446	-0.0164169067886551	-0.0253105536681664	0.00726467928083812	1.07110760037858	0.0204975240142251	0.00189202372019118	0.0263914566554112	-0.0532984415806938	-0.0109264929913321	0.000617277131555969	0.00724295166778681	0.0284601244633951	-0.00844319952532219	-0.0173115402766677	0.00735819145189238	0.0163226415768242	-0.00948724569496414	-0.0529388954489325	-0.0197432882509228	-0.0374827704945284	-0.0596744197796516	-0.00888036670642715	0.012121284214488	-0.0177059169772419	-0.038103604162159	0.0163237653909852	-0.0463177403602772	0.0168086204872037	-0.0108433779731457	-0.0266455617279917	0.0268398534138251	0.0167456226039901	-0.0466675155078743	0.014758332247574	0.0100197128571978	-0.076016470434876	0.0203461204345218	0.0950164357587063	-0.0123334329689785	-0.0267882523441651	-0.0371094974487435	0.0046782718010814	0.00489824633064145	0.0077482084937575	-0.105125148813238	-0.0469753063090843	0.0186051664485259	0.0081020065832819	-0.0474771911657226	-0.00740000372693358	0.0178222350247869	-0.0168148012050742	-0.0231117855696986	0.0328388557411288	0.0347847722460868	0.0301614979660359	0.0182097831444352	-0.0461996293251035	-0.0211093952866945	0.0633338161341277	0.0618117660727601	0.0518723260760047
-0.0685777098451791	0.060753833379925	0.0231858692659704	-0.0143397896637658	-0.0570745126060178	0.0204975240142251	1.08294213847717	0.0486546649905859	-0.0375458079417933	0.033970427570858	0.0185639918672429	0.0107131132944882	0.0640775533666626	0.0555502538941259	-0.0147462728200342	0.00739347874718024	0.0630524178788214	-0.0144494499439204	0.0339977003164095	0.0200885296434899	0.0175823746046402	0.0295415787380788	-0.00636216504884188	-0.00104406449455914	-0.0137606890525312	0.0113958111764071	-0.0205279654018939	0.0353208109931658	0.0607963817226558	0.0106572996538468	-0.0794578278100746	0.0203710972227929	-0.0350782717507012	0.0174075057395617	0.0224956722133131	0.00827897401541277	-0.0204974494095626	-0.00337142603427815	0.0322492458221945	0.0385434779752428	-0.003637811567445	-0.0191664322955552	0.00606602367977336	-0.0341939478891459	-0.0108229340114978	-0.0543388527753289	0.0153914058299444	4.68077805576134e-05	-0.0267623318167339	-0.0478562846492918	0.015405730115595	0.00985073228669665	-0.000610564125175954	-0.0243445472315585	0.0232628591107974	0.0691596625118915	0.0259246187923499	-0.0268862040013721	0.0600280181153317	0.0305460044256043	-0.0231995836075128	-0.0761930073941184	-0.0177919985283353	-0.0184879923886693
-0.0743193382966983	0.037857471915429	-0.0583073298272708	0.021548691762907	-0.0395387264060317	0.00189202372019118	0.0486546649905859	1.04005295631158	0.00102160631280125	-0.00268053127898353	-0.0168597507792459	0.00594955709306369	-0.0238728693063349	0.0107817799784944	0.000145231162586473	0.00186460011863663	-0.0342984426045883	0.039791059322295	0.0206629782515292	0.0695188022728686	-0.000316070426845465	-0.0140439681077015	0.0488475816954918	-0.0237182236027792	-0.0800095852732353	0.00148943907260176	-0.0211345213966069	0.0518982407840895	0.00241441879561313	-0.00765855193441742	0.0122808239630465	-0.0134542204859747	-0.0173626153995403	-0.0305566057647085	0.0283441419372598	-0.0894173256088099	-0.0196752437388	-0.0151775227933101	0.0564466825308618	-0.0371857186044606	-0.0123618516497724	0.0110655953435557	0.0241856821321032	0.0133831326169432	0.0181667257455953	0.00699638913367539	0.00908154548068856	0.0226860356100407	0.0132709739263209	-0.0123848509089758	0.01094927578567	0.000487621962706464	0.0523159079035421	0.0184966104888962	-0.0061893473071583	0.0406367121102184	0.0416077068785934	0.0183330017069102	-0.0111068123555337	0.0534749774149349	-0.0432128123840138	0.0159597217910552	-0.00064423739169033	0.0124768611588499
-0.0408212193710371	-0.0312875181219994	-0.0135194254408619	-0.00639736834735319	-0.0160077821934218	0.0263914566554112	-0.0375458079417933	0.00102160631280125	1.08096199325223	0.0391596111933234	0.0785757018313296	0.0178338026784291	0.00614550169529174	-0.0358392834195513	0.0547071176152587	-0.0305466458135898	-0.0106514019030105	-0.0319139189139762	0.00745528371535836	0.0243209830855929	0.0263471118869132	-0.0217422438044087	0.0461872035280808	0.0417663572873547	-0.03030570489628	-0.00862939644481873	-0.0436538969247812	-0.0037226566173123	0.0139850418838883	-0.00657870674948538	0.0627322485462769	-0.069619995283341	0.0114693663518715	-0.0202552654669988	0.0167626119393505	-0.0637666614705151	0.00177273930303097	0.0128848200306726	-0.0398155420826081	-0.00593263390735015	0.0351501651940512	0.0219635319113382	0.0661224165147521	-0.028221716159082	0.0553441253269786	0.0764385530421531	0.0447318356810154	-0.0145860998710252	0.0714022905912448	0.0116373265098008	0.0169980120390422	-0.0655120844518033	-0.00810715416831997	-0.0196171607386638	-0.00235827523465767	-0.0101812422015609	0.0418792788861593	-0.000727728998532731	-0.0471094900080834	0.0211546216035098	0.0446602737494244	0.00428439219345553	0.00875796048958898	0.00130935531004566
0.042653465835311	-0.00864023174581322	-0.0108395305987012	-0.000230131317925637	-0.0405885854010319	-0.0532984415806938	0.033970427570858	-0.00268053127898353	0.0391596111933234	1.05558300189403	-0.0106174820464568	-0.0693674474273986	-0.000324833003110366	0.0577059452375464	-0.0503313712559105	0.0408714576062639	0.0530207046347963	-0.0378677900839385	0.0224809353735226	-0.00053996908216716	-0.0298575513996567	0.030247491613121	-0.0338478419554092	-0.000297134165514641	0.03368906121387	0.0210989913320402	-0.0450231751182653	-0.00610331903476872	-0.0594414819975713	0.0203664989306593	-0.017609749286236	0.00785360331714903	-0.0181892995567813	-0.0137265051656731	0.0321129619133813	0.0273601719706879	0.0218052478185201	0.0197159549733716	0.0386702200732152	-0.0393229185104792	-0.000407429915338843	-0.0167999217162374	-0.0215720159276339	-0.00666140520645478	-0.00016602616257671	-0.0152373256348288	0.0522200732315633	0.0214203316480909	-0.049928641595673	-0.00971852392736996	-0.00446435977485602	0.0486002337617204	-0.0108337397592455	-0.0173778391540439	-0.0480535650280907	0.0175560076477246	0.0422903155864786	0.0377850368565941	-0.0633533183658978	0.0797047263364815	0.0262260500196934	0.016436332116991	0.0350203067398889	0.0296450650797874
-0.0184246409862194	-0.0185521399145252	0.00606835606027258	0.051168018718946	-0.0219978153425202	-0.0109264929913321	0.0185639918672429	-0.0168597507792459	0.0785757018313296	-0.0106174820464568	1.04679391315992	0.025121668717922	0.00849286812149288	0.00646105831859639	0.0385254614475656	0.0167026919826523	0.0255470009954496	-0.0592378416364989	0.0145405012766362	0.0393768637390134	-0.0431548224529822	-0.0384051715638115	0.0131901452301862	-0.0271490358152104	0.046812884624791	0.0114346276266485	-0.0140376094608152	-0.0205932952916365	0.0288077025375126	-0.045784249339708	-0.000187828668122958	-0.0604168092193936	-0.0269329021302305	-0.0453900927991886	0.0157306276010914	0.0249731471332132	0.0335295860188346	-0.0300087271320171	-0.0355516276992624	-0.0440155849747551	0.0418180677689975	-0.0248013574604784	0.0306003069140242	-0.032063178786124	-0.0242745038097713	-0.00955062814804727	0.0360935155260697	0.00360544840008986	-0.00347805749528793	-0.0419549902558085	0.0144648150537825	-0.0252555259426281	-0.0104602505026623	0.0648887867924426	-0.0150462639306322	-0.00897860003485784	-0.00295076219074496	0.0102503016264876	-0.0173387447720017	0.00853104624061683	-0.0195249093453899	-0.023931743991588	-0.0157975979672871	-0.0178018478746158
0.00120902198852655	0.0235602840893796	0.00671154143871014	0.0230034544911322	0.0179871052557996	0.000617277131555969	0.0107131132944882	0.00594955709306369	0.0178338026784291	-0.0693674474273986	0.025121668717922	0.986108752462081	-0.00985246545900676	-0.004492928838717	0.0028251482609612	0.0259504420024278	0.0362341593813247	0.0230082291009944	0.0534248816306966	-0.0340898327577962	-0.0214113006318034	-0.0722455164723043	-0.00446150298004214	0.0263858193449844	0.0131012063713361	-0.00188347198279503	-0.0451938572161465	0.0391695548052675	-0.00310717509148759	-0.00646377037849801	0.0713832495578327	-0.0425649210837067	0.0268956868047604	-0.0434442379818059	0.0680857896326736	-0.0286815514375965	-0.00195189415850393	-0.0158185300016881	0.0472499382261303	0.0101559803349917	-0.0241516575637816	-0.0418496116178575	-0.0134213066407216	-0.016417288493529	0.0565353275483361	-0.00642741939705128	0.0534807395930908	-0.000320266137795951	0.0575178376861934	0.0445252768152347	0.0265790298989421	-0.0120341608822425	-0.0144235767754674	0.0238050920988487	-0.0190943986051911	-0.0185257816764568	-0.0334295853518623	0.0345037691640658	0.00869747323445196	-0.0362835407271575	-0.0197747536753	-0.0193171430937926	0.0186670457986264	-0.0158574004771804
0.0165784585743158	0.0491175535443727	0.0291027077939412	0.0142042027394685	0.00353341844610406	0.00724295166778681	0.0640775533666626	-0.0238728693063349	0.00614550169529174	-0.000324833003110366	0.00849286812149288	-0.00985246545900676	1.05915268418146	0.0337707945257556	0.0202451897317025	-0.00850148146528007	0.0116321544429064	0.0963548116573212	0.0393852182025878	-0.000916765541678587	0.0295281348877361	0.00716546235212466	0.00238174405320988	-0.0208918012256445	-0.101854322104129	-0.00966829054409598	0.0149036340299625	-0.0193915743520126	-0.0251434617493108	0.0285933226067951	-0.0289234669934564	-0.0480812871120443	-0.0375148686180338	0.000705186455679546	0.0109734927032444	-0.00599382102405336	-0.00793232471833423	0.0169321295481106	-0.0080912804255934	0.0209614777789596	-0.0534360778857842	-0.022467183569544	-0.00472214442708248	0.068231136552358	0.000158080633574756	-0.00281662539596228	0.00697334024957623	-0.0537927758688712	-0.0757678786750374	0.0582495324194043	0.0184436964553939	-0.00853533981001524	-0.0232713814169969	0.0255364134442823	0.021105414668576	-0.0248865440343262	0.0116252429785814	-0.0515683228748189	0.0247071091127704	0.029352122243754	0.00700282029653382	-0.036254098521479	-0.00134873247928763	-0.0459515193628001
0.0148782921892501	0.0558276897870245	-0.00958330571837365	0.0132598686797314	-0.0328898664934049	0.0284601244633951	0.0555502538941259	0.0107817799784944	-0.0358392834195513	0.0577059452375464	0.00646105831859639	-0.004492928838717	0.0337707945257556	1.0538886100588	-0.0783571094656565	0.0102638706894114	0.0482729549918091	0.00851750703089717	0.0411484470030797	0.00777484508930907	0.0159348713156903	-0.00970796885336416	0.0392740028775896	-0.00950369734919719	0.0325495718996708	-0.038293541909102	-0.0217530746848201	0.0419243956427253	0.0557152708749542	-0.027939727590736	-0.0501328605318931	-0.0593398726537893	-0.00202747140152189	0.01145799326509	-0.0698683190968249	0.0267882318122341	-0.00264023163172579	-0.000606265131801918	0.051047900725772	0.0128917826030626	-0.044568838009435	0.00983226895388558	0.0401911139125011	-0.0341878469252075	0.0526635580415094	0.00217703339426841	-0.0372446142077544	-0.00741248089298515	0.0196053814634019	-0.00923143092281976	-0.0131961792859488	0.0133154478093752	-0.00698080276234531	-0.00520876321037025	0.00301817071657215	-0.0190227873537189	-0.0423742832099556	0.0182591139394019	-0.00706102494409828	0.0772482998940364	-0.0695518118097089	0.0293725833037509	-0.00822018935465952	0.0138865705992563
-0.0388422060427904	-0.0257048844617324	0.0838433516650214	-0.0979913096968068	-0.0105238967926656	-0.00844319952532219	-0.0147462728200342	0.000145231162586473	0.0547071176152587	-0.0503313712559105	0.0385254614475656	0.0028251482609612	0.0202451897317025	-0.0783571094656565	1.11546886488456	0.0410338757307632	-0.0561808010969153	0.00942824130512336	-0.00290093538720287	0.012526117139356	0.0463454274146195	0.00533720283628673	0.0011899383124326	-0.0732428125957143	-0.00857525777736502	0.0234631369827842	-0.0042240570040753	-0.00128052439587095	0.0556956832437229	0.0526017187397672	-0.0324952726131464	0.0162836180189505	-0.0223492933690372	0.00469155268655769	0.0542406872934663	-0.0119196636389207	-0.0341890243904478	-0.024424095321892	-0.0167797723432945	0.0451886018436511	0.0599076165002906	0.0423099916212556	0.0708788189886259	0.0401988659003458	-0.0054800732799972	0.0182686197163988	0.00472047396779583	0.0169276656242125	-0.00405333678436548	0.0110188322034004	0.0386577574187826	0.014942031192374	0.047994292416495	-0.0359186778767361	-0.0309283336825399	-0.000390478977161642	-0.0634030138060976	-0.0185415505067603	0.0470811280351018	-0.0095801878472129	0.0168914164911241	0.00526915574853544	-0.0337575336048882	0.00782981643842257
0.0411317680684289	-0.0167305901646046	-0.0018110169756089	-0.0103139099901765	-0.0366476504541803	-0.0173115402766677	0.00739347874718024	0.00186460011863663	-0.0305466458135898	0.0408714576062639	0.0167026919826523	0.0259504420024278	-0.00850148146528007	0.0102638706894114	0.0410338757307632	1.04592875181579	0.0296338323853408	-0.00918089671939751	0.0212584350868611	0.027881697182395	0.0428948859051473	-0.0529772345589845	-0.0294235763858181	-0.00144658054876942	0.00988727418278808	-0.0315891005264575	0.00413872875423196	0.0460842849024499	-0.0583578547148005	-0.0331583523624204	-0.0312092417850327	-0.0380028258815916	-0.0667041866591592	-0.044930903957113	0.101434340949037	0.00344323898111217	0.0249832595392603	0.0113214183891666	0.0543005025094163	0.0426039767481191	-0.0114500002271318	0.0567357723296383	0.0315164318595071	0.0187317657117467	0.0133000892650713	0.0373649650298599	-0.00423411983541745	-0.0909933398199542	-0.0373995678603801	-0.0489249603437786	0.0226340863194704	0.0287638503587542	0.0417843705304309	-0.0104850274605571	0.0158072783010329	-0.0323734635753527	-0.0102240383485813	-0.0212974138731871	0.00537568521486439	0.015406475342527	-0.0185359698548801	0.0356422641316283	0.0147871700801533	0.0244336768617989
-0.00316348838674342	0.00852989137884893	-0.00210151262620475	0.0490186212644145	0.00630241401986039	0.00735819145189238	0.0630524178788214	-0.0342984426045883	-0.0106514019030105	0.0530207046347963	0.0255470009954496	0.0362341593813247	0.0116321544429064	0.0482729549918091	-0.0561808010969153	0.0296338323853408	1.15762289022339	0.0108220139668558	0.00518524544889939	-0.00406573940085556	0.0193081717652071	-0.00936312394220486	-0.0343223419762858	0.0264470352145144	0.0523491938884911	0.0386601584853681	-0.0543298128537711	-0.00768871468424431	-0.039750414555011	0.0200012376113526	-0.0582926674014542	-0.0196128264031252	-0.0381247727476728	-0.0184514107880222	0.0596827852513312	0.0373532352792337	-0.0301473448064389	0.0703302863621529	-0.0375744769558217	0.0157635792926198	0.0277831434148105	0.0560041505248634	-0.00749781035130657	-0.0613055354994318	-0.00841607784509061	0.0406581791993767	0.0149498126311286	0.00888966041919706	0.0280585832537844	-0.0673552495214727	0.0159220463188054	0.0891282076813374	-0.0916761912702182	0.0305826983887618	0.0426328134230279	0.0445209879075608	0.0125027913548741	-0.0105187433311713	-0.0512450484114057	0.0662641674943191	-0.0218002492493678	-0.0423552443018739	0.0385225258922053	0.0103731047458748
-0.0290845676957839	0.00736741343629899	-0.0192114647012395	-0.00439222232364643	0.0536738263694367	0.0163226415768242	-0.0144494499439204	0.039791059322295	-0.0319139189139762	-0.0378677900839385	-0.0592378416364989	0.0230082291009944	0.0963548116573212	0.00851750703089717	0.00942824130512336	-0.00918089671939751	0.0108220139668558	1.08368563831489	0.0232640486553086	-0.028794536265707	-0.0062705129559934	0.00349509225316396	0.0151761559693582	0.0404467747969636	-0.0036366403918729	-0.0418921514455003	-0.0271699496498735	0.0437184369603806	0.00279643967226372	-0.01012324626323	0.000571218157618855	-0.0445280693856796	-0.0321832465356204	0.0249593908381665	0.0450469684420107	-0.0345221605628379	0.00292718245652909	0.0189428191021759	0.0063200396893944	-0.0220241215630646	-0.0285707802977337	-0.000281045411763948	-0.0239312247669491	-0.0543096411018704	-0.00569726621262518	0.0447480005580096	0.018365065785753	-0.0212087292091015	0.00304577714897878	0.0270946775638028	0.00360856659831268	-0.00168536485478229	-0.0199790979727718	0.0189522100737147	-0.0121071475721446	-0.0286164361399786	-0.0257429556760209	0.0617779870271037	0.000618149962973827	-0.0715482429169338	0.00115434937897467	0.00454917292420103	0.0495255072916366	0.0202925638498227
-0.0599669354771899	0.058231326847085	0.0381871537454375	-0.00790241587187607	-0.0125237020304559	-0.00948724569496414	0.0339977003164095	0.0206629782515292	0.00745528371535836	0.0224809353735226	0.0145405012766362	0.0534248816306966	0.0393852182025878	0.0411484470030797	-0.00290093538720287	0.0212584350868611	0.00518524544889939	0.0232640486553086	1.00405059215743	0.035619913051221	-0.016894250505356	-0.00279967731738393	-0.0164818745880589	0.0124322966953781	0.015272544841534	0.00248187734132802	-0.00800010267386916	-0.00826495640098511	0.0239012051277475	-0.0113138803355484	-0.0250096899209495	-0.00972591160337261	-0.0397971595878301	0.032325845139259	0.00707078567708684	0.00451639349219774	0.00436938332732756	-0.0135855605534385	0.00890085320139781	0.00146231553821099	0.0218453318326778	0.0247382087825324	-0.00495972176203322	-0.038225188943394	0.00167317991955449	0.00601822490987719	0.0463829220407107	0.0761165067277777	0.021722993418012	-0.00133781846164115	-0.0149691345249882	0.0097411094027732	-0.0447186150856072	-0.0179417217656043	0.0197366900740274	0.0157226077206713	0.00418835043957732	-0.07198441586892	-0.0164127447114141	0.0301631589734913	-0.0212704606297457	-0.00235183367148226	0.0586484743195295	0.0157852801979034
0.0310710318232904	0.0136665967963993	0.00157600807002963	-0.000891492104687936	-0.0242457635480188	-0.0529388954489325	0.0200885296434899	0.0695188022728686	0.0243209830855929	-0.00053996908216716	0.0393768637390134	-0.0340898327577962	-0.000916765541678587	0.00777484508930907	0.012526117139356	0.027881697182395	-0.00406573940085556	-0.028794536265707	0.035619913051221	1.0190058105804	0.0169379517343002	0.0359678069325658	0.0253709242764322	0.0120956285029803	-0.0204886920011733	0.00425213916199211	0.0546699601757823	-0.044655313563431	0.0278503992856617	0.0175196515695542	-0.00318462993120436	-0.015711239158803	-0.0142795542134001	0.00257290313820801	0.0506756216491518	-0.118035179398258	-0.016202359967039	-0.0204570647566069	-0.0584248218443008	-0.0048288748068264	-0.00163364878418549	0.0375192134332693	0.0166729713188758	-0.0224634595294043	-0.0148042144721206	0.0035469158658999	0.0108640870601832	0.0130788347542493	-0.00328019081852534	-0.0409635061877472	0.0575576735352396	-0.0134943235113917	0.016711888266731	0.0445327836524893	-0.054109263758513	0.00884431879512955	-0.0202338234036825	-0.000847184144671512	-0.000671018992206982	-0.0231188653137878	-0.0656892507873853	0.00203455499164271	0.0483629750193286	-0.079650015918689
-0.0505448645190546	-0.00796930427852319	0.0459185489162056	-0.0292190357540293	0.0691146225543377	-0.0197432882509228	0.0175823746046402	-0.000316070426845465	0.0263471118869132	-0.0298575513996567	-0.0431548224529822	-0.0214113006318034	0.0295281348877361	0.0159348713156903	0.0463454274146195	0.0428948859051473	0.0193081717652071	-0.0062705129559934	-0.016894250505356	0.0169379517343002	1.11883720203329	-0.00210975880660411	0.00179456999420831	-0.00960980968040176	0.00311357357605878	0.0013714896409476	-0.010865391463504	-0.0189017541102449	-0.000897354986331902	-0.0345596519848641	-0.0351437144488418	0.0372246746469236	0.047141441075328	0.0417842562599976	-0.00569813258671215	0.00953487447556646	0.011066968634441	0.00647543431262592	-0.0309924237144915	0.0630439618246259	-0.05294576330945	0.0196662485891265	-0.0257974345407536	-0.0141757331364678	-0.00980888588079038	0.0249846721932343	0.016690688309044	-0.0389220315396253	-0.0152858485217236	0.0054113160968594	0.0398206319107042	-0.00786136901131355	0.0544633149296294	-0.0297056695242737	-0.0259856869908702	-0.012750497962487	0.00839611922028763	-0.0325081532206361	0.0673279331933695	-0.00611374078012082	-0.0171097738727697	-0.0403055246188065	-0.0118618714486733	-0.0151213493027358
0.0170616646352477	0.0200975379931095	-0.0115769075263345	-0.0378824126662037	0.0110355786094775	-0.0374827704945284	0.0295415787380788	-0.0140439681077015	-0.0217422438044087	0.030247491613121	-0.0384051715638115	-0.0722455164723043	0.00716546235212466	-0.00970796885336416	0.00533720283628673	-0.0529772345589845	-0.00936312394220486	0.00349509225316396	-0.00279967731738393	0.0359678069325658	-0.00210975880660411	1.02624232535242	0.0226134824414747	-0.00623843516416744	-0.00245038220741866	0.029254146332368	0.0171611702962987	-0.0938705398193351	0.0577565149067268	0.0143430146139589	-0.0526641019669796	-0.0144790513375714	0.0381352040573651	0.00613727707625575	-0.0651704733755342	-0.0270955899811341	-0.000954966080585449	0.0174857275421094	-0.0851689171464949	0.0101243422123109	0.0153073360293141	-0.0084445391023222	-0.0439089676839862	-0.0595982631458385	0.00418159413306249	0.00342264499781788	0.00136116990795755	0.03492167141894	-0.0336791676864794	0.0268922420307117	0.0139112844100017	-0.0145363702873583	-0.00634424102622079	0.0541844055610254	-0.0276781781271702	0.00893482526535011	0.0564216667882182	0.0355452414264568	-0.0361193339138558	0.0501440480350224	0.0100747316448707	-0.015097521318144	-0.0206737204841837	-0.0263665664434935
0.0129019117684344	0.0170995744511782	-0.0167448827256265	-0.0379994617551547	0.00268898277293798	-0.0596744197796516	-0.00636216504884188	0.0488475816954918	0.0461872035280808	-0.0338478419554092	0.0131901452301862	-0.00446150298004214	0.00238174405320988	0.0392740028775896	0.0011899383124326	-0.0294235763858181	-0.0343223419762858	0.0151761559693582	-0.0164818745880589	0.0253709242764322	0.00179456999420831	0.0226134824414747	1.11368289283535	-0.0184472856759156	-0.0292568109521251	0.000811933126042974	0.00795837632341963	-0.00432356225703645	0.00116211733912867	-0.030591195753833	0.00589565841055599	0.0156086186406352	0.0985297257376715	0.00684609693576106	-0.0326843294563351	-0.0278071442729814	-0.0140746896856653	-0.00863025068489427	-0.0125401968222149	0.0191533236308797	0.0150911684673621	0.0308638095396419	0.0759002105195359	-0.030971381602726	-0.037814615244555	0.00221412009950222	-0.0122688664325576	-0.00973704818759464	-0.0243399373606727	0.000293817540909284	-0.0362768621493587	0.0275971343534533	-0.0346860791557827	0.0099532067862388	0.0546807254471962	0.0298669055132007	-0.0709100853918663	-0.0169673095159032	0.063945096904451	-0.00835471933515861	-0.0254090588187257	-0.0134131098155465	-0.0297529028029164	-0.0385913136674216
0.0134313203258071	0.00787536401951826	-0.00550848733515745	0.00181328992620486	0.00469385082597133	-0.00888036670642715	-0.00104406449455914	-0.0237182236027792	0.0417663572873547	-0.000297134165514641	-0.0271490358152104	0.0263858193449844	-0.0208918012256445	-0.00950369734919719	-0.0732428125957143	-0.00144658054876942	0.0264470352145144	0.0404467747969636	0.0124322966953781	0.0120956285029803	-0.00960980968040176	-0.00623843516416744	-0.0184472856759156	1.06622086727986	-0.0262322165679726	0.0294165757748595	0.0170845765504737	-0.0118828766905837	-0.00894561186169042	-0.0250817300630624	0.0388025819455746	-0.00618446575880692	0.0221253657162906	0.00732727032040129	-0.0487656834602401	0.0173193494462386	0.0308551674819567	0.0276217847167134	-0.0357121839612384	-0.0330107763626164	-0.0454991393422112	0.0523439414109405	0.0311634082325557	0.00799125506172148	0.0418820265644559	0.00625478781162743	0.00231225700415065	0.0299396980685385	-0.021667419627318	-0.00795125957214392	-0.00247048717403648	-0.0152332432994428	-0.0159330107247763	0.0734907781970942	-0.079004246784537	-0.0242334898287586	0.0110676869710388	0.0600987423009581	0.0482775518891419	-0.0321551086595253	-0.0251668286817291	-0.0091664277500472	0.0140970067278146	-0.0113063495348342
0.0461350212734896	0.00768045379087226	0.00655394174255796	0.0139463905495307	0.0711940584089947	0.012121284214488	-0.0137606890525312	-0.0800095852732353	-0.03030570489628	0.03368906121387	0.046812884624791	0.0131012063713361	-0.101854322104129	0.0325495718996708	-0.00857525777736502	0.00988727418278808	0.0523491938884911	-0.0036366403918729	0.015272544841534	-0.0204886920011733	0.00311357357605878	-0.00245038220741866	-0.0292568109521251	-0.0262322165679726	1.08186703444755	-0.0303211605943085	-0.049510227514118	-0.0555624042715154	0.000558665285634409	-0.00945043632343712	0.00780714867632125	0.0475222075707639	0.0270220703470593	-0.00347341127734336	0.0185612612296014	0.0432485999607413	-0.0184914148855405	-0.0693918547294439	-0.0408247305579072	0.044862581079313	0.0449468589605456	0.0162366868171028	-0.0251253132906935	0.0294864314608132	0.00860714122371797	-0.0200896337469527	0.0219326613450265	-0.0581385865907452	-0.00454550365392945	-0.0269200133954436	-0.0114142057928914	0.0124535871548763	0.00287272772100961	-0.0164344879163225	-0.066156817496993	-0.0692245873973287	0.0237257139118417	-0.00651400358202088	0.063442857986646	-0.00583297377906849	-0.0257728059514018	0.00840785292654415	-0.0440318072245712	0.0118380824479661
-0.0265701561348131	-0.0424507056883297	0.00319943695822605	-0.0301867194438661	0.012028076919328	-0.0177059169772419	0.0113958111764071	0.00148943907260176	-0.00862939644481873	0.0210989913320402	0.0114346276266485	-0.00188347198279503	-0.00966829054409598	-0.038293541909102	0.0234631369827842	-0.0315891005264575	0.0386601584853681	-0.0418921514455003	0.00248187734132802	0.00425213916199211	0.0013714896409476	0.029254146332368	0.000811933126042974	0.0294165757748595	-0.0303211605943085	1.00589391926677	-0.00228372230452722	-0.0433448725690661	0.0244655237355608	0.0126839616834396	0.0184278881827129	0.029488017954763	0.0376756848127741	0.0300729595919297	-0.00893401294944574	0.0209320154781908	-0.00432347758568192	0.0117729756072626	-0.036131631366878	0.00540450458971633	-0.0160307956604751	-0.0377035183277091	-0.0261599464206924	-0.0111912827600266	-0.0633891616647571	-0.0306947074960915	0.00230857613391897	-0.00948226445647591	0.00403103709892754	0.00741157378223038	-0.00544531146578623	-0.0212563920229101	0.0154486485042598	0.0174991591535753	-0.0281921269955115	0.0235672208481008	0.0140691384191173	-0.0105158341112282	0.00152431945934648	0.0235553751653072	0.0190263503536945	0.0446621416675328	0.00186201750820423	0.0169815170622823
0.0078870558230677	0.0078373433481695	-0.0446608486738952	-0.000390858678706707	-0.012627436972727	-0.038103604162159	-0.0205279654018939	-0.0211345213966069	-0.0436538969247812	-0.0450231751182653	-0.0140376094608152	-0.0451938572161465	0.0149036340299625	-0.0217530746848201	-0.0042240570040753	0.00413872875423196	-0.0543298128537711	-0.0271699496498735	-0.00800010267386916	0.0546699601757823	-0.010865391463504	0.0171611702962987	0.00795837632341963	0.0170845765504737	-0.049510227514118	-0.00228372230452722	1.0434466754627	0.00272603114482648	0.00862680219571788	-0.0308927004851424	-0.0123676110282703	-0.00199944752605438	-0.0448514408086528	0.0186994596824981	-0.0296937792887886	-0.0362858204555958	-0.0223700614286624	-0.0485898986724564	0.0231572025174348	0.00327701537159171	0.0239294930010029	0.00873610117096375	0.0210151213756995	-0.0519702769378815	0.0157664666711684	-0.0588740493064896	-0.00205632384746712	-0.00507975112151983	-0.0207638931729287	-0.0062264772096795	1.66560804301735e-05	-0.0524830001666394	0.0186274095695831	-0.0569403435228171	-0.0505719156837846	-0.0146660384452465	-0.0111042535330999	-0.0528639629085436	-0.0217589403894912	-0.0812092627538732	-0.0166346196916425	0.0249601519767553	0.0613166271106221	0.0263324125488648
-0.038965113326946	-0.0183976053532669	0.0234947649753565	0.0127299144715213	-0.0387532386662032	0.0163237653909852	0.0353208109931658	0.0518982407840895	-0.0037226566173123	-0.00610331903476872	-0.0205932952916365	0.0391695548052675	-0.0193915743520126	0.0419243956427253	-0.00128052439587095	0.0460842849024499	-0.00768871468424431	0.0437184369603806	-0.00826495640098511	-0.044655313563431	-0.0189017541102449	-0.0938705398193351	-0.00432356225703645	-0.0118828766905837	-0.0555624042715154	-0.0433448725690661	0.00272603114482648	1.04537435154638	-0.0215236847252731	-0.0432741527660288	0.063673672849836	-0.00198744376870637	-0.0110480126309141	0.0213995707068248	0.0304218940780539	-0.00570238529033723	-0.0469333939418704	0.0410087042566789	0.00366844526028039	0.029125134449348	-0.0121835308546223	0.0311798045177119	-0.00534864393443037	0.00140240880269911	-0.0275276346622914	-0.0320916850061911	0.00366180697995985	-0.034048678593669	0.0175187384406427	-0.0484746274742308	-0.0177177624661622	0.0102398473093872	0.0295853888019003	-0.000701730365073383	0.103108937804118	0.0339621219971046	0.0441790702162697	-0.0474273180852521	-0.0157758078629415	0.0125024112787239	-0.0618671670258055	-0.00256814578271756	0.0444169522938826	0.0473640540804266
0.00636236442604021	0.0347292067981599	0.073346222701889	-0.0421442059113179	-0.00908893097098284	-0.0463177403602772	0.0607963817226558	0.00241441879561313	0.0139850418838883	-0.0594414819975713	0.0288077025375126	-0.00310717509148759	-0.0251434617493108	0.0557152708749542	0.0556956832437229	-0.0583578547148005	-0.039750414555011	0.00279643967226372	0.0239012051277475	0.0278503992856617	-0.000897354986331902	0.0577565149067268	0.00116211733912867	-0.00894561186169042	0.000558665285634409	0.0244655237355608	0.00862680219571788	-0.0215236847252731	1.14510185982689	-0.0131387040485861	-0.0330454759799251	0.0155145484854065	0.0264338826243347	-0.0817394906784183	-0.00678947545289269	-0.0272640200477446	-0.0131563304599888	-0.0441101827907892	0.00564286622795635	0.010108341556681	0.0258708805409121	-0.0172285200951738	0.0246598750454126	-0.00370388557485089	0.00692646787743013	0.0251634293056016	0.011898143391284	-0.00509052612809544	0.0689658191720302	-0.0300246876677336	0.0384101571622529	-0.0101677204853544	-0.0292227478151749	-0.0106719429190625	-0.0825518272494797	0.0434661092777764	0.0293938692618849	-0.0204036270952079	0.0328005623450587	0.00553019987347873	-0.00756844130488496	-0.0184875821934804	-0.0753648968258384	-0.0574120318357973
-0.0211579999226522	-0.0047870629595634	-0.0332006880118841	0.0194554776082732	-0.0527530209683051	0.0168086204872037	0.0106572996538468	-0.00765855193441742	-0.00657870674948538	0.0203664989306593	-0.045784249339708	-0.00646377037849801	0.0285933226067951	-0.027939727590736	0.0526017187397672	-0.0331583523624204	0.0200012376113526	-0.01012324626323	-0.0113138803355484	0.0175196515695542	-0.0345596519848641	0.0143430146139589	-0.030591195753833	-0.0250817300630624	-0.00945043632343712	0.0126839616834396	-0.0308927004851424	-0.0432741527660288	-0.0131387040485861	0.966341188891589	0.02685292876556	0.0638486433261593	-0.0173999434535411	0.00293494708155721	-0.0275030160702733	0.0204175128836143	0.0662792157912889	-0.0120360350539805	-0.023410368410819	0.000425067262676518	-0.0618893862816845	0.0255298146829066	-0.0158113891824543	-0.00468637448929962	0.000222931139724689	0.0392625777363344	-0.00461065170867181	-0.00581401903194925	-0.0756203489228235	0.0510637285158524	0.0287004279394908	0.0145433942492397	-0.00324369919803101	0.0313481503407032	-0.0102458371555217	0.0523532919406721	0.000756018665009685	0.00127852533051107	0.0190633014966716	0.00669485339149731	0.0263979383314682	-0.0266176960075084	0.0203853274718448	-0.00894194084337639
-0.00939002247118505	-0.00555881470840914	-0.026930677505781	-0.0376113101056217	-0.050754377417336	-0.0108433779731457	-0.0794578278100746	0.0122808239630465	0.0627322485462769	-0.017609749286236	-0.000187828668122958	0.0713832495578327	-0.0289234669934564	-0.0501328605318931	-0.0324952726131464	-0.0312092417850327	-0.0582926674014542	0.000571218157618855	-0.0250096899209495	-0.00318462993120436	-0.0351437144488418	-0.0526641019669796	0.00589565841055599	0.0388025819455746	0.00780714867632125	0.0184278881827129	-0.0123676110282703	0.063673672849836	-0.0330454759799251	0.02685292876556	1.09301007986508	0.0021498624453205	0.0516112918619714	-0.0337861848943381	0.00949779087644781	-0.0840240070394442	0.00218531462655304	-0.0179729469089101	-0.00825663530679098	-0.0267959745218754	-0.0546585330473995	-0.0409299068753259	0.00567899867021219	0.0285343958879208	0.0806252341694975	-0.0116435159627295	0.0782217689009755	0.0554727322363174	0.036684246220686	0.029687048798825	0.0526007641143199	-0.0468645420567091	-0.0109923387298566	-0.0199851236571729	-0.0558941695777546	0.0539402327971585	-0.00878222863070512	0.00785969616390811	0.0276713874123119	-0.0988687162330119	-0.0367130765118454	-0.00856485384233643	-0.00752461847215411	-0.0282961956961309
