1.02845018476972	-0.0261741275119837	-0.00257093545551919	0.0150043406735324	-0.0386380008691307	0.00369295500779378	0.0543506079682667	0.0706437880066727	0.0411046421535698	-0.0445041997064264	0.0201985978495149	-0.0127331682308829	-0.0346369031497588	-0.00190783101542031	0.0358591962517666	-0.0504761644663248	-0.0023670057618098	0.0288333498559995	0.0620529171662877	-0.0413888372922274	0.0421308922095599	-0.0056046803638935	-0.015110691694577	-0.0105598327321211	-0.0358318989933383	0.025813385154015	0.0014636160176656	0.0191406824922645	-0.0118868351658886	0.0172965171773512	0.0133953685832237	0.0273990807151149	0.00463691549421017	3.52318095700639e-05	0.046209384537598	0.0439864847538956	0.00604140041917169	0.027972635162245	0.0242617775977506	0.00686492881487736	-0.0266597370905076	-0.00838181407702083	0.00378904859562615	-0.0120801857475283	-0.0314114729025381	-0.00655421324766117	0.00821293480109781	-0.0127956554602659	0.00551053319967858	-0.026171316899942	0.0391276686173601	0.00412360930413646	0.00531100510041258	-0.00536187054547157	0.0371244371103056	-0.0286939038626224	0.0474750924068165	-0.0214877410467585	0.041005460910816	0.0035384097042793	0.0120686372762012	-0.0569715259912883	0.0826990324667385	-0.0416031423144937
-0.0261741275119837	1.01032176608904	0.0514013085518934	0.0446050779179394	0.0129472035437916	0.0115124977356584	-0.0509444216849635	-0.0322908969269843	0.0239628142936107	0.012200157572164	0.0114133487802146	-0.0235182579358533	-0.0386160285552657	-0.045178847796946	0.0263701075598545	0.0274246250045608	-0.00334608878281923	0.00679375229608108	-0.0564502637643124	-0.00401755903617935	0.00475691154605922	-0.0216079233631024	-0.00164153876434183	-0.0118999228153986	-0.0129036347333417	0.0383981039064927	-0.0115820632335025	0.0118743646320279	-0.0200199028100317	0.0123609439943552	0.00220027973528686	-0.0331818754002905	0.0246463478019117	0.0238307221664882	-0.0473881530720587	0.0458310919468109	0.00834077602516291	0.0024359340245125	-0.017302079197002	-0.0165975205102941	0.0372152671419686	-0.0135519998399913	-0.0446485877339049	-0.0101660298004163	0.0506618237556629	-0.0715059585889301	-0.00163712530668716	0.00162830088577794	0.0337030025348569	-0.0601581398799924	0.00814173525678735	-0.0414728243620377	0.0497664712179129	0.0153200645907557	0.01751467303629	-0.00064855462896821	0.0340382183432383	0.00863046223375354	0.0196894586355817	0.0137127640691209	0.0230724416199069	0.00770239068468105	0.0698985627392919	-0.00960675933723739
-0.00257093545551919	0.0514013085518934	0.979250845475211	0.056797279800037	0.00758301476162779	0.0108799671390492	-0.0196437463389568	0.0584742234703092	0.0195247729299237	0.00166839615149707	0.00691518141000727	-0.00525320089583822	-0.0284621704893822	0.0103209521695578	-0.0665640359841598	0.0108372394463035	0.00598753083119505	0.0216630294309668	-0.0357702598467122	0.0122112421508357	-0.0404070618465957	0.0159828828835916	0.0163676054847453	0.00134590049256943	-0.00689827499379707	-0.000303769466923218	0.0436199422309569	-0.025699460974111	-0.0520885217968594	0.0312973667859326	0.0259727074727547	0.0120287506843831	0.0102303523592681	0.0116562947245901	-0.00913253126321149	0.0437426953426271	0.00797126894815557	0.0202492990899852	0.0145734868972333	0.0166916875501368	0.0110791343100537	0.00324827402623481	-0.00581674894745468	-0.0124853306309902	0.00951318017619577	-0.0140232814059977	-0.00526974598298957	-0.0199036359211352	-0.00603144573908598	0.058924288157288	0.0136638355214045	-0.010815383268998	0.0234395234231804	-0.0562102481042044	0.00114334161345206	0.00519924190026329	0.0124286491692745	0.0294182833191749	0.0200144082927849	0.0122742072122908	0.0391893517118913	-0.0253987360946141	0.00467521599552932	0.0610984523370693
0.0150043406735324	0.0446050779179394	0.056797279800037	0.980702964607853	0.01059269105785	0.0308133721187357	0.0144945452949232	-0.0196295557577844	0.000327942463385317	0.0154813209230837	-0.0501400914194872	-0.0161853870519537	-0.0184997689114508	-0.00901255825554731	0.0810247900464141	0.0171601289408331	-0.0396380882699639	0.00483412565217386	0.0104401687370774	-0.00330472664395838	0.0160646185042673	0.0247135770833679	0.028265110476842	-0.00510755681123536	-0.01639257605568	0.0258217315962525	0.000523858453861843	-0.016171785018546	0.0246449226445614	-0.0282106050991217	0.0423962060867024	0.0256111270449341	-0.0272595528855984	-0.00566351537230315	-0.0579994246691529	-0.0127268411388119	-0.0441314167560671	0.00571227657926115	-0.0569980832106705	0.0437596862031642	-0.0224614429405242	0.00585616581821447	0.0267335811545836	-0.0185985807709143	-0.00673522067575073	0.018730840473175	0.0345459932244427	-0.0267043656271905	-0.00110051141064677	-0.0351396978259439	0.00995617110834717	-0.0175096898419006	-0.0262881552203552	0.0251837027179246	0.00738923735236306	0.026305202961348	-0.0139272121778212	0.0293203001714691	0.0240756858806859	-0.000729389347787913	0.00968169349352997	0.00660688659919274	-0.0144881839246194	0.0340148698441012
-0.0386380008691307	0.0129472035437916	0.00758301476162779	0.01059269105785	1.05444924252765	-0.00136081510917712	0.0502333465457826	0.0249751739485063	0.011901749902585	0.0324081581886104	0.0139171802167004	-0.0134269844918252	-0.0159765224629084	0.0336727130490503	0.0193244982050977	0.0383609710450006	-0.015913717654146	-0.0452221882928862	0.00311539656187457	0.0222198302366322	-0.0567508363615621	-0.00648029634529608	-0.00494434670802498	0.000130907839114012	-0.0574310966149343	-0.0158040024341669	0.0209958886863443	0.0188899433860946	0.00712778985710351	0.0582137897260724	0.0647343619400925	-0.0576031793492774	-0.0150770598510445	-0.00961681201888008	-0.0224432076834241	0.0302362607065008	-0.00754899965957211	0.0535813589874522	0.0383319477755185	-0.0425928417067494	0.0344756972652978	-0.00270032407236388	0.0214726947009659	0.0354429815357771	-0.0681724247584863	0.0231585025441842	-0.0141027287471883	-0.0165531650108321	-0.00632383778819718	0.00908363115965613	-0.0188732351329949	0.0295784365073672	-0.0318348222627418	0.00959440217247313	0.0119360283313987	0.0369353127856601	0.0565576360848432	-0.0367934207345047	-0.0084519322899985	0.0266674052921677	-0.041565272179804	-0.00949087546103872	0.0169055056633907	-0.0329516649926163
0.00369295500779378	0.0115124977356584	0.0108799671390492	0.0308133721187357	-0.00136081510917712	0.997592660195657	-0.0249999581322394	-0.00734571290194906	-0.0381054999857237	0.0528985279997974	-0.00178548269853448	0.00676447388781618	-0.0118194259971212	-0.0256369538759376	0.00513781750389705	0.0170313803158688	-0.0189176975674855	-0.0086132647972706	0.00476178962238234	0.040897418893924	0.0254448047903501	0.0281437724935832	0.0556586393237061	0.00715471252306194	-0.00297822853690995	0.0216968204890212	0.0445804047970579	-0.00759183554194685	0.0413255891791997	-0.0145118526955523	0.0122755968051	0.0157185402188566	-0.0275755954953004	-0.0216480870333857	0.0349805749159322	-0.00585618143929425	-0.00814251300133409	0.0747863526452493	-0.0217747842576234	-0.0817492494329117	0.00106694039017428	0.0232770262938679	0.0332074156504601	-0.000547327234797513	0.0041804786947339	-0.0118887399862412	0.0935069991655602	0.0288386155379516	-0.0129147858720264	-0.0228212477344277	0.0366751391695284	0.0062049686494565	-0.018907336580628	0.0226057586931753	0.0300507380500107	-0.0412036890693482	-0.0364156959482342	-0.0229728306139701	-0.0278557194861283	0.0440137968843797	0.0248493996883002	-0.0629169662419121	-0.0574513045345581	-0.0384564343727844
0.0543506079682667	-0.0509444216849635	-0.0196437463389568	0.0144945452949232	0.0502333465457826	-0.0249999581322394	0.98100203510544	-0.0395684354308866	0.0255718379784512	-0.0302701911351612	-0.0186757343453548	-0.0165280589368606	-0.0571710487230754	-0.0357526479548925	0.0185353059871997	-0.006299288056695	-0.0429482854270159	0.0151278569105917	-0.0111606698316218	-0.0155446310371836	-0.00613382497318719	-0.0305599349377789	0.00717777959477048	-0.0109987068512094	0.00583365164875319	-0.0125602401699146	0.0219232223431639	-0.0294770851922488	-0.0450606819177989	-0.00918235988808651	0.071014355544759	-0.0181844389511744	0.0251096415364382	-0.0256483053979042	-0.0204388048483321	-0.00443915487528179	0.00749858425710003	0.0116048472146583	-0.0263560221089813	-0.0300091813488527	-0.00173757215209659	0.0179661952997453	0.00545867192088236	0.0427996149852659	-0.008542153983629	0.0495988680603941	-0.0190682214936458	-0.00562013553762217	0.0117111074457353	0.0347640961733895	-0.00857609099717912	0.00567635966202485	-0.0124464504214796	0.0342757503181274	-0.0127784015883632	-0.0542259029478633	-0.0157235752275167	0.0134159823721308	-0.0540908726917274	-0.00514669839038802	0.0167362377495403	0.0679463024763569	0.0108902807532978	0.0173700263482531
0.0706437880066727	-0.0322908969269843	0.0584742234703092	-0.0196295557577844	0.0249751739485063	-0.00734571290194906	-0.0395684354308866	1.01617857834722	0.0111916414983916	0.00296733952663109	0.0186428778918429	-0.000864699002141863	0.0304743033577821	0.000729879178134813	-0.00139116303100472	0.00362084313917043	0.0284466343812121	-0.0400421080346673	-0.016496319340546	-0.0655095201523319	-0.00903475700681551	0.0153425754646998	-0.0473010285763059	0.0243426498152489	0.0637581772535326	-0.00854870299505603	0.0274849739748047	-0.0390591144280642	0.00509804135652739	0.00733284311766085	-0.00155220821273537	0.0124009847186374	0.0138168704391464	0.0287124341849038	-0.0162508578417778	0.0632765948854355	0.018080964620724	0.0212768773852044	-0.038183739571844	0.0344116291104474	0.00121395743941747	-0.00291487023048565	-0.0194157580650307	-0.0178795511587302	-0.0294006097643469	-0.00584019074824274	-0.00504015880394614	-0.0184663977660384	-0.0105493504616834	0.00746253827001469	0.00366595342786584	-0.00518794236363301	-0.0412892234040778	-0.0274216531986245	0.0136619342381537	-0.0337189431260709	-0.0388520045322229	-0.011947651768707	0.015394552205651	-0.0465966408934098	0.0353183142296147	-0.0219520699926668	0.0220699600840316	-0.0201330366251023
0.0411046421535698	0.0239628142936107	0.0195247729299237	0.000327942463385317	0.011901749902585	-0.0381054999857237	0.0255718379784512	0.0111916414983916	0.991240219693903	-0.0519157275286304	-0.0666687903839631	-0.0111887657239467	-0.0133498512432527	0.033464034811645	-0.0453166738725364	0.0368540265295211	0.014208108100235	0.034188573050112	-0.00322679233859569	-0.0208215854591682	-0.0353364828316108	0.02314540700624	-0.0515917602210476	-0.0493450947625875	0.0207958400138606	0.0115777867449205	0.0438637518413899	0.00247744500497037	-0.0112764153606045	-0.00013113262027095	-0.04613372118769	0.0632699605440665	0.00720955620492487	0.00477077082641298	-0.0154299670297222	0.0476568659784462	0.00821198043823251	-0.0112081467307781	0.0350317006035972	-0.00427358492461159	-0.0377403961909235	-0.0190272755084571	-0.0579563611717229	0.0182651902339108	-0.0582391199694038	-0.0671347776633906	-0.0330022542621618	0.0197990150840878	-0.0591339818877457	-0.0046917042836608	-0.013243853410618	0.0562472630833368	0.018194588070923	0.020227212213377	-0.0101649161766078	0.00507326183198469	-0.040910655313843	0.0139728241528053	0.0495207314461932	-0.0227879176971037	-0.0482466984565987	-0.0133052062563093	0.00100237705782494	-0.009872391363474
-0.0445041997064264	0.012200157572164	0.00166839615149707	0.0154813209230837	0.0324081581886104	0.0528985279997974	-0.0302701911351612	0.00296733952663109	-0.0519157275286304	1.00728270572816	0.0164384117031333	0.0763072611802118	-0.00455069512915395	-0.0557684528934783	0.0350765692639881	-0.0336638389589021	-0.0301326204583906	0.0309274916496851	-0.0197383333326876	-0.000329861535210953	0.0222230862000639	-0.0260680785116288	0.0213945734202359	-0.000129320952841192	-0.0340466717966743	-0.0217010524283174	0.0408060070665311	-0.00434259580126152	0.0545731037145573	-0.016467655110552	0.0102802473030583	-0.010371515970231	-0.00164087679437365	0.0270066391444378	-0.03725965444812	-0.0231168874418318	-0.0256845848289948	-0.010566958779224	-0.0516229776490803	0.0234450011919198	-0.000176304334241456	0.0221490931228996	0.0209040532113026	0.00787679590600211	0.0042635564825289	0.0148274207490853	-0.0506972771426118	-0.0238210868467244	0.0411966350532702	-0.00180820193933969	0.005404030579391	-0.0445312180911868	0.00841200567640719	0.0229231617841791	0.0510531317660499	-0.0183867187722855	-0.0278606636064941	-0.0331807016783828	0.0466427175697804	-0.0479623968107405	-0.0244937644566188	-0.00796179904134472	-0.0345358244523862	-0.0258907205275323
0.0201985978495149	0.0114133487802146	0.00691518141000727	-0.0501400914194872	0.0139171802167004	-0.00178548269853448	-0.0186757343453548	0.0186428778918429	-0.0666687903839631	0.0164384117031333	1.00830496915994	-0.015841592342613	-0.0170385026713664	-0.00526166420461457	-0.0417793745957605	-0.0146899489112439	-0.0150338662883314	0.0552932733091835	-0.0105886202230295	-0.0304572475881686	0.0374819166851721	0.043979771875399	-0.0136712419553896	0.0338129264073238	-0.046659088466738	-0.0146465547539749	0.0108850264168836	0.0162583244719689	-0.0199905783947953	0.0541243835889681	-0.000659143292376721	0.058377870847492	0.0215439251037651	0.0497173971500983	0.0008307514230541	-0.0314678149916764	-0.0411525392030917	0.0257667840565871	0.0337386454601665	0.0491625756253856	-0.0254797892240913	0.0221217140316783	-0.0272642282491742	0.0398665819039229	0.0214114083916261	0.014006253134554	-0.0330725011691476	-0.000377342894594305	0.0246426467829959	0.0418185270902604	-0.0132545686140814	0.0253911514008085	0.00539605963982106	-0.0742252156553403	0.0149103396711949	0.00571032905304642	0.0104390620413823	-0.0108801369750335	0.0201572457548223	0.000314017482066875	0.0290466065916754	0.0300178589812352	0.0152849208288005	0.0118326737985445
-0.0127331682308829	-0.0235182579358533	-0.00525320089583822	-0.0161853870519537	-0.0134269844918252	0.00676447388781618	-0.0165280589368606	-0.000864699002141863	-0.0111887657239467	0.0763072611802118	-0.015841592342613	1.07219315993383	0.0130937949963968	0.00669363066793329	-0.00875594882331655	-0.0217963242611635	-0.0356179085951187	-0.00507008283802564	-0.0614609275991105	0.0399833580699905	0.0179762887833373	0.0591703010167606	-0.00308845404407293	-0.0251022643453989	-0.0121146047848917	-0.00759351290141965	0.0415647871477555	-0.0376484226037416	0.00721911973860739	-0.00499902784626102	-0.048244571200385	0.0465372823400432	-0.0273477053276834	0.0481251705123292	-0.0715715424761247	0.0110347922577708	-7.15209101695901e-05	0.00936532046044264	-0.0494557703574497	-0.0199772195782946	0.0233087439012691	0.0518648679196152	0.0208498081697047	0.025313300835201	-0.0467922265500978	0.0153775059374219	-0.0422666634641321	0.00291696018630879	-0.0392732621756573	-0.0365369066542845	-0.0128230407683272	0.00576056519326504	0.00534144749177294	-0.0219726414362847	0.0142376914736868	0.0171150461189937	0.034077436893401	-0.0322734942660035	0.00275226188100917	0.0198983640698108	0.0165893163459099	0.0186558800508252	-0.0181923551033778	0.0243477009354747
-0.0346369031497588	-0.0386160285552657	-0.0284621704893822	-0.0184997689114508	-0.0159765224629084	-0.0118194259971212	-0.0571710487230754	0.0304743033577821	-0.0133498512432527	-0.00455069512915395	-0.0170385026713664	0.0130937949963968	1.00826986305794	-0.0342320849862476	-0.0195099500361684	0.0190205921226855	-0.0123509838898786	-0.0975475005172154	-0.0438358383944188	0.00654006504622002	-0.0201703416660404	-0.00181524776402524	-0.000339214782110133	0.0260148236801698	0.107342614109175	0.00569971808823806	-0.0247547013330584	0.0251324482144412	0.0316808622244181	-0.0238487869586273	0.0115415381403428	0.0377466362250701	0.0183339860016158	0.0139153100903457	-0.0142155254740189	0.00835850312168523	0.0127616572928456	-0.00394342521056168	0.0199604845072572	-0.0177545474814806	0.0466826942823367	0.017844451330271	0.00434421252067574	-0.0707988289374918	-0.00200149599462694	0.00625560558159687	-0.00367753821127189	0.0586455619901691	0.0586634811595575	-0.0397175929355817	-0.0190550237048284	0.00927521998410367	0.0227038968489102	-0.0299330473304041	-0.00121285549738913	0.0383085453571924	-0.0122711502464892	0.0586960810216436	-0.0296735752855052	-0.0360783947988868	-0.0129937027810643	0.0305354627554029	0.00720392725229435	0.0367531226086056
-0.00190783101542031	-0.045178847796946	0.0103209521695578	-0.00901255825554731	0.0336727130490503	-0.0256369538759376	-0.0357526479548925	0.000729879178134813	0.033464034811645	-0.0557684528934783	-0.00526166420461457	0.00669363066793329	-0.0342320849862476	1.01082802028782	0.0636161175526651	-0.00226908669435522	-0.0338898750649919	-0.004485097336555	-0.0331334353949395	-0.0138848302432196	-0.0236156881610535	0.0127486788879746	-0.0376304066028445	0.016205385981215	-0.0370735617922688	0.0282471146254086	0.020003293244195	-0.0435997973489839	-0.0602269687100805	0.019107671677429	0.0348475183300616	0.0611302961889811	-0.00477730796837707	-0.0193131742911454	0.0619281129075408	-0.0247372382013806	0.00602579947398712	-0.00415593023747037	-0.0408288069948397	-0.0044672710780671	0.0332506393289032	-0.0111456537895198	-0.0452923749925075	0.0271229846067597	-0.057421287601307	0.00648124917016131	0.0325269692221474	0.00172956348974532	-0.0167791570579697	0.00206334580530307	0.00336687751049696	0.000256916876863635	-0.00278053589893323	-0.0071971202127456	-0.000227617041156682	0.0226036928806859	0.0490367844315705	-0.0287514165506258	0.00789355580807163	-0.0534965012072371	0.0626004122899567	-0.0268917184626501	0.00784437948933579	-0.0205529924856958
0.0358591962517666	0.0263701075598545	-0.0665640359841598	0.0810247900464141	0.0193244982050977	0.00513781750389705	0.0185353059871997	-0.00139116303100472	-0.0453166738725364	0.0350765692639881	-0.0417793745957605	-0.00875594882331655	-0.0195099500361684	0.0636161175526651	0.963118387552497	-0.0336584141557101	0.0380097692709681	-0.0174540809639335	0.00484634225480602	-0.00379531013589355	-0.0319744123182668	-0.0156362014193504	0.00585007518255766	0.0608595505228676	0.00775342307462131	-0.0246585057740213	0.00438863641683411	-0.00948216963423934	-0.0364409445227518	-0.0628602174432318	0.0369406651387769	-0.00643832111100658	0.0244182543502673	-0.0239063808098647	-0.0432286119618917	-1.97785944954926e-05	0.0311308709201132	0.0112697418336138	0.00722848183055284	-0.0418589675104984	-0.0579509639942139	-0.0397078864686924	-0.0604379334393242	-0.0470969934470972	-0.00495581954571968	-0.00988194725731671	0.00155972769351727	-0.019593321600595	-0.00452655073708601	-0.0177666927935077	-0.0286342682798789	-0.0219981956786232	-0.0334331253595543	0.0292216600658533	0.0363163826233865	0.00287998148966214	0.054696631057323	-0.00440799446184777	-0.0350088156190228	0.000932888993284049	-0.010336367178031	-0.01488808134888	0.0274680992047348	-0.0166387571251609
-0.0504761644663248	0.0274246250045608	0.0108372394463035	0.0171601289408331	0.0383609710450006	0.0170313803158688	-0.006299288056695	0.00362084313917043	0.0368540265295211	-0.0336638389589021	-0.0146899489112439	-0.0217963242611635	0.0190205921226855	-0.00226908669435522	-0.0336584141557101	1.01990550645538	-0.0138345554179264	0.0125479290294159	-0.0289695534934408	-0.0233760240440557	-0.0415175053336091	0.0280856288561638	0.0198257258623028	-0.00636086911600284	0.000165530931991122	0.0203028586358944	-0.00440489969871196	-0.0347521970467317	0.0494012096171372	0.0340741400463616	0.019311081648921	0.0378966528786737	0.0528214532447911	0.046009240557392	-0.0953838732339028	-0.0043983396402983	-0.0324800398339869	-0.00327767258383707	-0.0444053693489352	-0.0437200351092353	0.0140810248767328	-0.0435914594195153	-0.0290458390072157	-0.0154678136704784	-0.0210876120013326	-0.041218860866088	-0.00353939135126398	0.0889961731665619	0.0328041855248267	0.0416281053310405	-0.0318725307776969	-0.0265510348636226	-0.0180634220154552	-0.00125522524585367	-0.00935837251541427	0.0348295028020744	0.0181455216735364	0.0115467035670661	-0.0130328668160039	-0.0103412971630928	0.00875527419966193	-0.0277519229903699	-0.0119277470592599	-0.0223343568886989
-0.0023670057618098	-0.00334608878281923	0.00598753083119505	-0.0396380882699639	-0.015913717654146	-0.0189176975674855	-0.0429482854270159	0.0284466343812121	0.014208108100235	-0.0301326204583906	-0.0150338662883314	-0.0356179085951187	-0.0123509838898786	-0.0338898750649919	0.0380097692709681	-0.0138345554179264	0.930954691792163	-0.00805975410141431	0.0179441033877622	0.00394529217901418	-0.0258480251797167	0.0102981293914732	0.0211290618060354	-0.0248743805183135	-0.0478506529555275	-0.0497329061653867	0.029865018706788	0.0182404637430421	0.0307616041956139	-0.0240968509837509	0.0355731171341364	0.0256425561108311	0.04333525443664	0.024232882222151	-0.0440639897235666	-0.0236288287374818	0.0335290410145063	-0.0630181156284929	0.027156271515801	-0.0183811521480319	-0.0282814068788398	-0.0524547403553192	-0.00328404000867941	0.0435143459914827	-0.020101696613826	-0.0405374472767617	-0.0286919921347256	-0.00993226007502973	-0.0316466800742	0.0576693915056472	-0.0144164935400248	-0.0730531739049239	0.0725592779965513	-0.0242730795270261	-0.0304915436060956	-0.0446371465805363	-0.00383212595769897	0.00385699055756439	0.0437298391068293	-0.0392298147893996	0.0170593750530692	0.0471563497540487	-0.0340849256771846	-0.005041524503951
0.0288333498559995	0.00679375229608108	0.0216630294309668	0.00483412565217386	-0.0452221882928862	-0.0086132647972706	0.0151278569105917	-0.0400421080346673	0.034188573050112	0.0309274916496851	0.0552932733091835	-0.00507008283802564	-0.0975475005172154	-0.004485097336555	-0.0174540809639335	0.0125479290294159	-0.00805975410141431	0.973064573295294	-0.0189210384385064	0.0305071393550113	0.00872050641935375	-0.010665094098958	-0.0187337497109133	-0.0402546778220526	-0.0175216664102066	0.0361231803744603	0.0340604771355937	-0.0427554858690958	-0.0168226370348131	0.0106132737398792	0.000842888493054274	0.0428881998629809	0.0320136494388868	-0.0182570333182026	-0.0423347746703461	0.0224435906492654	-0.00453023478867157	-0.0170984522893937	-0.0165785691429886	0.0185093848889895	0.0144649709590531	0.00286029734814723	0.0178134732133816	0.0585329771387425	0.0141090904580897	-0.0402543084483766	-0.0143902252846663	0.0152664064325504	0.00536149675303074	-0.00866902964997605	0.00259356519599362	-0.000384491321554785	0.0201238805554861	-0.00883568679802404	0.00671586023437909	0.0197625535565682	0.0302086062272823	-0.0499379741495436	0.00531454804972486	0.0648410717108428	-0.000578248895495834	-0.00743231390714516	-0.0417047058960351	-0.0133411477176748
0.0620529171662877	-0.0564502637643124	-0.0357702598467122	0.0104401687370774	0.00311539656187457	0.00476178962238234	-0.0111606698316218	-0.016496319340546	-0.00322679233859569	-0.0197383333326876	-0.0105886202230295	-0.0614609275991105	-0.0438358383944188	-0.0331334353949395	0.00484634225480602	-0.0289695534934408	0.0179441033877622	-0.0189210384385064	1.04367610977597	-0.039504108237834	0.0181483294913233	0.00134726961431936	0.0146514560759287	-0.0189156090736935	-0.0281165588381086	-0.00750550117100767	0.0127914761778428	0.0197505435839365	-0.0212687648537062	0.0120076810343763	0.0226294592475727	0.00552222677764745	0.0329858398077892	-0.0407695212888447	0.00551743065893636	-0.0107508513793624	-0.0140720363000665	0.0166350629103248	-0.0052633852901687	-0.000350719147116953	-0.0199343941085055	-0.0205558912307562	0.00814854065528189	0.0364140465257547	-0.00881100742250178	-0.011415314904795	-0.0418326603915635	-0.0717599161121875	-0.0257077312946158	-0.00480300177817158	0.0249539225415984	-0.00770738952928593	0.0353487628927666	0.0301105398610786	-0.0209820352819419	-0.0342964827603067	-0.012325499869267	0.0652022476292362	0.00841613238698435	-0.0217501153692023	0.00690214041609941	0.00744140110668496	-0.0599059083086674	-0.0233910124595943
-0.0413888372922274	-0.00401755903617935	0.0122112421508357	-0.00330472664395838	0.0222198302366322	0.040897418893924	-0.0155446310371836	-0.0655095201523319	-0.0208215854591682	-0.000329861535210953	-0.0304572475881686	0.0399833580699905	0.00654006504622002	-0.0138848302432196	-0.00379531013589355	-0.0233760240440557	0.00394529217901418	0.0305071393550113	-0.039504108237834	1.04602511564969	-0.0127285478083514	-0.0233052155390528	-0.0122623689093716	-0.00621401509025277	0.0166156629036898	-0.00381465382581839	-0.0436348813612233	0.0426703465995044	-0.0127291381669709	-0.0241294586071533	0.0109390507941369	0.0162515020281571	0.00767650072915424	-0.0175170605791228	-0.0472670237116981	0.095219454729456	0.0122633914299904	0.0157972346610333	0.0624937920447928	-0.00677918956579419	0.00349367116628144	-0.030470529567585	-0.00522940239973359	0.0170640680223581	0.0117218181099205	0.006477944088705	-0.000861744453797553	0.0057318955932967	0.00856919748940937	0.0493980878215664	-0.0473718491676658	0.0096404228575045	-0.0172787047067054	-0.0422815585237278	0.040699257119927	-0.000594705111718501	0.0281553793972658	0.00315178189930696	0.00185008094253437	0.0330789983463421	0.0621965060796712	-0.000120874662514718	-0.0414083929450735	0.0920263337252335
0.0421308922095599	0.00475691154605922	-0.0404070618465957	0.0160646185042673	-0.0567508363615621	0.0254448047903501	-0.00613382497318719	-0.00903475700681551	-0.0353364828316108	0.0222230862000639	0.0374819166851721	0.0179762887833373	-0.0201703416660404	-0.0236156881610535	-0.0319744123182668	-0.0415175053336091	-0.0258480251797167	0.00872050641935375	0.0181483294913233	-0.0127285478083514	0.93658021750818	0.00776368188191191	0.00621337182559276	0.0106077780350744	0.00706300051460797	0.006568127332896	0.00972201843609527	0.0216441769376435	0.00696882595134046	0.0445463262822713	0.0251294103542783	-0.0333566967782329	-0.0408619441201871	-0.0383046934970777	0.0117934818371039	-0.0077425885960294	-0.0212577738209713	0.000655613899739619	0.0252582616202751	-0.0492825320894118	0.0493029329219586	-0.0122584053707705	0.0367989146945993	0.0170689782006962	0.0197173943400369	-0.0117336303317327	-0.0102505966549073	0.0248996199047467	0.015244841749759	-0.0074786212925147	-0.0284404779795846	0.00900891000088188	-0.0452619915148825	0.0311041757630121	0.0262773734205179	0.00534560155498477	-0.0118269731842163	0.0291977042551728	-0.0534641849623064	0.00313087301414066	0.0135397815624903	0.0361851530189199	-0.000783478276945699	0.0176319707432252
-0.0056046803638935	-0.0216079233631024	0.0159828828835916	0.0247135770833679	-0.00648029634529608	0.0281437724935832	-0.0305599349377789	0.0153425754646998	0.02314540700624	-0.0260680785116288	0.043979771875399	0.0591703010167606	-0.00181524776402524	0.0127486788879746	-0.0156362014193504	0.0280856288561638	0.0102981293914732	-0.010665094098958	0.00134726961431936	-0.0233052155390528	0.00776368188191191	1.03428822239848	-0.0194575765591137	0.0136013751880754	-0.00170083961806193	-0.018212398193049	-0.0157052844093592	0.0792080230983938	-0.0440159644260018	-0.00345987149423902	0.0395418818679717	0.0239083976528448	-0.0410119908445164	0.00618673868165167	0.0602634700920025	0.0257926211269988	0.00813413088247437	-0.0223188538346547	0.0779960325633842	-0.00980904494091009	-0.0149433268869151	0.00325827293444575	0.0367193857853599	0.0581828532591814	-0.0168399161030428	0.00932645132911263	0.000440807318803037	-0.0291045497354111	0.034389619573836	-0.0229345137017809	-0.0110600689511716	0.0166196930724624	-0.00791702826439052	-0.0523851049140143	0.0138926073286719	-0.0125893897833454	-0.0570979870922969	-0.0232740873599615	0.0416563767892785	-0.0382797869294836	0.00149725058835812	0.0103155948472855	0.016360100493851	0.0269135972650665
-0.015110691694577	-0.00164153876434183	0.0163676054847453	0.028265110476842	-0.00494434670802498	0.0556586393237061	0.00717777959477048	-0.0473010285763059	-0.0515917602210476	0.0213945734202359	-0.0136712419553896	-0.00308845404407293	-0.000339214782110133	-0.0376304066028445	0.00585007518255766	0.0198257258623028	0.0211290618060354	-0.0187337497109133	0.0146514560759287	-0.0122623689093716	0.00621337182559276	-0.0194575765591137	0.94302483661954	0.0230439464659773	0.0225260406766146	-0.00275600260624466	-0.00663973185929474	0.00707702439663148	0.00882580696401762	0.0310274598375806	-0.00209207919330266	-0.0163440739699851	-0.0774907625601312	-0.012259349065076	0.0313302797121145	0.0206523859726907	0.00153989861921296	0.0167169322242555	0.00517141735538469	-0.0124434720277441	-0.00722665131353158	-0.032661042250175	-0.0503668528455375	0.025670252002071	0.0298965546389258	0.00640445676018622	0.00783556197785582	0.0144494082031713	0.0404243082797225	-0.00174048660001536	0.0295596477162586	-0.0285736277187086	0.0267564438151147	-0.0100571818241948	-0.0422822598759578	-0.0198106803335521	0.0532159920072323	0.00809431666874235	-0.0480139573436059	0.0156122419606647	0.0276690738016914	0.00553711134450046	0.0150601278522462	0.0332697950068894
-0.0105598327321211	-0.0118999228153986	0.00134590049256943	-0.00510755681123536	0.000130907839114012	0.00715471252306194	-0.0109987068512094	0.0243426498152489	-0.0493450947625875	-0.000129320952841192	0.0338129264073238	-0.0251022643453989	0.0260148236801698	0.016205385981215	0.0608595505228676	-0.00636086911600284	-0.0248743805183135	-0.0402546778220526	-0.0189156090736935	-0.00621401509025277	0.0106077780350744	0.0136013751880754	0.0230439464659773	0.98658013413446	0.0313157703844992	-0.0323044031787343	-0.0217055180057376	0.00578956011650017	0.0053001681271282	0.0359611453353292	-0.0255460426252162	0.00348756274993936	-0.0160514587599054	-0.00698406230273831	0.0496449231021346	-0.0284751369874669	-0.0267024220780491	-0.026441549633264	0.0331491150272459	0.0222522768819992	0.0351898000688069	-0.0671151817175688	-0.0428573049201477	-0.0177540300234826	-0.025584793140064	0.00517656392558138	0.0131083625388715	-0.0230196779567251	0.034593337867368	0.0164166621393937	0.0079930277528005	0.0126228388408332	0.0128027554875028	-0.0793069198266373	0.0760762396887579	0.0180786154862877	-0.00227323035275117	-0.0430279134188479	-0.0432452887203397	0.0191762120637369	0.0270571617426047	0.0122399134336365	0.00234890153482441	0.011602204198655
-0.0358318989933383	-0.0129036347333417	-0.00689827499379707	-0.01639257605568	-0.0574310966149343	-0.00297822853690995	0.00583365164875319	0.0637581772535326	0.0207958400138606	-0.0340466717966743	-0.046659088466738	-0.0121146047848917	0.107342614109175	-0.0370735617922688	0.00775342307462131	0.000165530931991122	-0.0478506529555275	-0.0175216664102066	-0.0281165588381086	0.0166156629036898	0.00706300051460797	-0.00170083961806193	0.0225260406766146	0.0313157703844992	0.993964898660601	0.0368596516477798	0.0406615524993533	0.0508421037875597	0.00981803335922789	0.00177688372478189	-0.0229171093951338	-0.0405579375772636	-0.0157977010443009	-0.00543976185737155	-0.0169690746255268	-0.0216198016018735	0.0234245056296634	0.0582154404098958	0.0406296024483601	-0.0424412944618457	-0.0374244371630105	-0.0182610214427862	0.0193607174608291	-0.0436089666804291	0.00968198168067227	0.0216534175863875	-0.0120921281598468	0.067784215045437	0.00582022452045791	0.0227552046729532	0.00473993668224986	0.000897258589126891	-0.00458576081639485	0.0109244849083401	0.0597573155817289	0.0663586229739725	-0.0302267272206622	0.0167258232421622	-0.0702040746023372	-0.0109256542823671	0.0211854494862607	-0.0112576445726011	0.0374591226207451	-0.000955616502222836
0.025813385154015	0.0383981039064927	-0.000303769466923218	0.0258217315962525	-0.0158040024341669	0.0216968204890212	-0.0125602401699146	-0.00854870299505603	0.0115777867449205	-0.0217010524283174	-0.0146465547539749	-0.00759351290141965	0.00569971808823806	0.0282471146254086	-0.0246585057740213	0.0203028586358944	-0.0497329061653867	0.0361231803744603	-0.00750550117100767	-0.00381465382581839	0.006568127332896	-0.018212398193049	-0.00275600260624466	-0.0323044031787343	0.0368596516477798	1.02772745969833	0.00244109176497285	0.042091202184647	-0.0244005782045329	-0.00679049742305026	-0.0259130019034247	-0.0287960477142657	-0.0349330847596661	-0.0315545378470441	0.00968731390201064	-0.0107741174077186	0.00220366163649587	-0.00584907860455468	0.0277823575924963	-0.00766444243171368	0.0173732058349892	0.0360087976393838	0.0274420528642269	-1.3148879724631e-05	0.0628731839120851	0.0285081620353799	0.00457751295443133	0.0136237924688889	-0.00414032802557016	-0.0199257059250971	0.00583287280818135	0.0249118493366923	-0.0215380040784144	-0.00267822957689194	0.0234782574992088	-0.0101512446811279	-0.0144452221979534	0.0141260236873383	-0.00494530343826364	-0.0174419596661103	-0.0118645349961149	-0.0576905423563835	0.00536312249921185	-0.0225801075578084
0.0014636160176656	-0.0115820632335025	0.0436199422309569	0.000523858453861843	0.0209958886863443	0.0445804047970579	0.0219232223431639	0.0274849739748047	0.0438637518413899	0.0408060070665311	0.0108850264168836	0.0415647871477555	-0.0247547013330584	0.020003293244195	0.00438863641683411	-0.00440489969871196	0.029865018706788	0.0340604771355937	0.0127914761778428	-0.0436348813612233	0.00972201843609527	-0.0157052844093592	-0.00663973185929474	-0.0217055180057376	0.0406615524993533	0.00244109176497285	1.01164477899013	-0.00858503048230074	-0.00928740058187167	0.0295737401428187	0.0182423242169486	0.00858674346699015	0.0336965000252696	-0.028194084475806	0.0251777409851883	0.0284827930142727	0.0107484903188049	0.0479290327387422	-0.0265816715585319	-0.00333797130580595	-0.0297369753136931	-0.00605532758994029	-0.0152901396763753	0.057929061281786	-0.0103993273836182	0.0427060807006838	0.00225682020471516	0.0120065837656266	0.0206096739285008	0.006715043408064	0.00200760384600195	0.0489602506195618	-0.0116755884390378	0.0518873323684338	0.0405453529521861	0.00141446442480904	0.00316564992205281	0.0399572720428932	0.0164570058158981	0.0660853413885139	0.0169681242144374	-0.018766123696243	-0.058632576661411	-0.018278698029748
0.0191406824922645	0.0118743646320279	-0.025699460974111	-0.016171785018546	0.0188899433860946	-0.00759183554194685	-0.0294770851922488	-0.0390591144280642	0.00247744500497037	-0.00434259580126152	0.0162583244719689	-0.0376484226037416	0.0251324482144412	-0.0435997973489839	-0.00948216963423934	-0.0347521970467317	0.0182404637430421	-0.0427554858690958	0.0197505435839365	0.0426703465995044	0.0216441769376435	0.0792080230983938	0.00707702439663148	0.00578956011650017	0.0508421037875597	0.042091202184647	-0.00858503048230074	1.02005921576349	0.00335849736539015	0.0392199112824995	-0.0695293823856107	-0.00646170315041613	0.00246838806361481	-0.0297037524773722	-0.00919841970672542	0.00401286971214311	0.0418201455032493	-0.0351462452133743	0.0214351091512747	-0.0284887497965089	0.00476570091633582	-0.0271651358808746	0.0149113144993808	0.00660220240251396	0.0181164863013172	0.0269904760561956	-0.00877669964759686	0.0305680222265353	-0.0120667968076341	0.039028191939728	0.00821453301887782	-0.0116816498745572	-0.0335558561411652	-0.00536012298754756	-0.086327274895043	-0.0235274266835305	-0.0413443294722035	0.0329127358808484	0.0120965534311066	-0.0140292260480249	0.0516953390266375	0.0110112814482489	-0.0355983858277028	-0.0404729642279934
-0.0118868351658886	-0.0200199028100317	-0.0520885217968594	0.0246449226445614	0.00712778985710351	0.0413255891791997	-0.0450606819177989	0.00509804135652739	-0.0112764153606045	0.0545731037145573	-0.0199905783947953	0.00721911973860739	0.0316808622244181	-0.0602269687100805	-0.0364409445227518	0.0494012096171372	0.0307616041956139	-0.0168226370348131	-0.0212687648537062	-0.0127291381669709	0.00696882595134046	-0.0440159644260018	0.00882580696401762	0.0053001681271282	0.00981803335922789	-0.0244005782045329	-0.00928740058187167	0.00335849736539015	0.929046806183833	0.00637683283656872	0.0379287819187982	-0.0115768845959614	-0.0105509911513824	0.072020560682764	-0.00864971493781563	0.0088307126425786	0.00012760408197412	0.0365435236845655	-0.00458664182825891	-0.00861495846229871	-0.0161028537702134	0.0139707008343927	-0.0062823006088208	-0.0111246456723505	-0.00797466438538522	-0.0223380709961138	-0.0103375997850884	0.0123753079421253	-0.0547685437762076	0.0183337752987686	-0.0225790902268866	0.00719030825452849	0.0287422422061208	0.0113360836434866	0.0726122632463795	-0.0420958540881573	-0.0399127611774749	0.0235582015455443	-0.0222331350543307	-0.0041454726076426	-0.00102861253784657	0.00762367268337058	0.0599732813583528	0.0472497852196332
0.0172965171773512	0.0123609439943552	0.0312973667859326	-0.0282106050991217	0.0582137897260724	-0.0145118526955523	-0.00918235988808651	0.00733284311766085	-0.00013113262027095	-0.016467655110552	0.0541243835889681	-0.00499902784626102	-0.0238487869586273	0.019107671677429	-0.0628602174432318	0.0340741400463616	-0.0240968509837509	0.0106132737398792	0.0120076810343763	-0.0241294586071533	0.0445463262822713	-0.00345987149423902	0.0310274598375806	0.0359611453353292	0.00177688372478189	-0.00679049742305026	0.0295737401428187	0.0392199112824995	0.00637683283656872	1.09437728399552	-0.0286558831969482	-0.0756797044925183	0.0189494887563377	0.0143074557184168	0.0351387051423892	-0.0118275386939541	-0.0798385387318601	0.0281654806455304	0.0273616005563611	-0.00497132963885222	0.0760726634614366	-0.0391568960113408	0.0109237732591071	0.0235360790885425	0.00258053833804294	-0.0416230492118682	0.00562971862429148	0.00589504579720407	0.0794849339739784	-0.0440207002732805	-0.0149226927149883	-0.00849661767281474	0.00585238984453756	-0.0355592409244966	0.00945979998079699	-0.0505758427042642	0.00480732182770013	0.0122990155911313	-0.0211321718519449	-0.00500314864388386	-0.029040127359524	0.0274742427735407	-0.0280381796480244	0.00125533529652298
0.0133953685832237	0.00220027973528686	0.0259727074727547	0.0423962060867024	0.0647343619400925	0.0122755968051	0.071014355544759	-0.00155220821273537	-0.04613372118769	0.0102802473030583	-0.000659143292376721	-0.048244571200385	0.0115415381403428	0.0348475183300616	0.0369406651387769	0.019311081648921	0.0355731171341364	0.000842888493054274	0.0226294592475727	0.0109390507941369	0.0251294103542783	0.0395418818679717	-0.00209207919330266	-0.0255460426252162	-0.0229171093951338	-0.0259130019034247	0.0182423242169486	-0.0695293823856107	0.0379287819187982	-0.0286558831969482	0.990361081365663	0.00320899312981655	-0.0369449095938225	0.0283846846484676	-0.0166152547919053	0.0602597832765563	-0.00977820253158916	0.0174606571213089	0.0115624889750797	0.00851874627863985	0.0521044393970636	0.0320359561102431	0.000406426048272303	-0.0111414711318708	-0.0586890463882081	0.0158333491871526	-0.0579307402210335	-0.0582193837756377	-0.0256305891869127	-0.0135303847287096	-0.0259231509578995	0.0326341998236067	0.00805194926643474	0.0237514791088024	0.0408953590742192	-0.0650285962100764	0.00549367803236292	0.00989096217896153	-0.0132010627591892	0.0736593320750199	0.0284640003146913	-0.0055273971083751	0.0250986095241081	0.0458330236013893
